30
1: 4, 6, 10, 12, 14, 15, 17, 20, 21, 22, 24, 27, 30
2: 3, 4, 5, 11, 12, 14, 17, 18, 20, 22, 24, 25, 27, 28, 30
3: 2, 4, 7, 10, 11, 13, 14, 16, 18, 20, 21, 23, 25, 27, 29, 30
4: 1, 2, 3, 5, 9, 10, 14, 17, 18, 19, 20, 21, 24, 26, 29, 30
5: 2, 4, 6, 7, 8, 9, 10, 11, 12, 17, 18, 19, 22, 24, 27, 30
6: 1, 5, 8, 9, 12, 16, 18, 19, 20, 21, 28
7: 3, 5, 8, 9, 16, 17, 18, 19, 20, 22, 24, 26, 28
8: 5, 6, 7, 9, 10, 11, 13, 14, 15, 16, 18, 21, 29, 30
9: 4, 5, 6, 7, 8, 10, 12, 13, 14, 15, 16, 22, 23, 28, 29, 30
10: 1, 3, 4, 5, 8, 9, 12, 15, 19, 22, 24, 25, 28
11: 2, 3, 5, 8, 12, 15, 19, 20, 21, 23, 24, 27, 29
12: 1, 2, 5, 6, 9, 10, 11, 13, 14, 15, 16, 18, 19, 21, 23, 24, 25, 28, 30
13: 3, 8, 9, 12, 16, 19, 21, 22, 23, 24, 25, 28, 29, 30
14: 1, 2, 3, 4, 8, 9, 12, 15, 18, 19, 20, 22, 25, 26, 27, 28, 30
15: 1, 8, 9, 10, 11, 12, 14, 16, 17, 18, 19, 23, 24, 25, 27, 30
16: 3, 6, 7, 8, 9, 12, 13, 15, 17, 19, 25, 27, 28, 30
17: 1, 2, 4, 5, 7, 15, 16, 18, 20, 24, 28, 30
18: 2, 3, 4, 5, 6, 7, 8, 12, 14, 15, 17, 19, 20, 25, 26, 27, 28, 29, 30
19: 4, 5, 6, 7, 10, 11, 12, 13, 14, 15, 16, 18, 20, 21, 23, 25, 26, 27, 28
20: 1, 2, 3, 4, 6, 7, 11, 14, 17, 18, 19, 21, 22, 25, 27, 29
21: 1, 3, 4, 6, 8, 11, 12, 13, 19, 20, 24, 27, 29
22: 1, 2, 5, 7, 9, 10, 13, 14, 20, 25, 27, 30
23: 3, 9, 11, 12, 13, 15, 19, 25, 26, 28
24: 1, 2, 4, 5, 7, 10, 11, 12, 13, 15, 17, 21, 25, 29, 30
25: 2, 3, 10, 12, 13, 14, 15, 16, 18, 19, 20, 22, 23, 24, 28, 29, 30
26: 4, 7, 14, 18, 19, 23, 28, 29
27: 1, 2, 3, 5, 11, 14, 15, 16, 18, 19, 20, 21, 22
28: 2, 6, 7, 9, 10, 12, 13, 14, 16, 17, 18, 19, 23, 25, 26
29: 3, 4, 8, 9, 11, 13, 18, 20, 21, 24, 25, 26
30: 1, 2, 3, 4, 5, 8, 9, 12, 13, 14, 15, 16, 17, 18, 22, 24, 25
