20
1: 2, 3, 7, 9, 12, 14, 15, 16, 17, 20
2: 1, 4, 6, 9, 10, 13, 15, 16, 17, 19, 20
3: 1, 4, 5, 6, 13, 16, 17, 18
4: 2, 3, 5, 7, 8, 10, 11, 12, 13, 14
5: 3, 4, 7, 9, 10, 11, 12, 13, 14, 18
6: 2, 3, 7, 8, 10, 12, 14, 15
7: 1, 4, 5, 6, 8, 10, 16, 17, 18, 20
8: 4, 6, 7, 11, 12, 13, 14, 16, 18, 19
9: 1, 2, 5, 10, 14, 18, 19
10: 2, 4, 5, 6, 7, 9, 14, 17, 18, 19, 20
11: 4, 5, 8, 13, 14, 16, 18, 19
12: 1, 4, 5, 6, 8, 15, 16, 17, 18
13: 2, 3, 4, 5, 8, 11, 15, 17, 18, 19
14: 1, 4, 5, 6, 8, 9, 10, 11, 15, 18
15: 1, 2, 6, 12, 13, 14, 19, 20
16: 1, 2, 3, 7, 8, 11, 12, 17, 18, 19, 20
17: 1, 2, 3, 7, 10, 12, 13, 16, 18, 20
18: 3, 5, 7, 8, 9, 10, 11, 12, 13, 14, 16, 17, 20
19: 2, 8, 9, 10, 11, 13, 15, 16
20: 1, 2, 7, 10, 15, 16, 17, 18
