20
1: 2, 4, 6, 7, 8, 9, 12, 15, 18, 19, 20
2: 1, 3, 4, 8, 10, 11, 14, 15, 17, 19, 20
3: 2, 4, 5, 7, 8, 10, 11, 12, 13, 15, 19
4: 1, 2, 3, 5, 7, 8, 9, 10, 11, 14, 15, 17, 18
5: 3, 4, 7, 9, 10, 12, 13, 14, 16
6: 1, 7, 11, 13, 14, 16, 19, 20
7: 1, 3, 4, 5, 6, 12, 13, 14, 19, 20
8: 1, 2, 3, 4, 12, 13, 14, 15, 16, 17
9: 1, 4, 5, 11, 13, 14, 15, 20
10: 2, 3, 4, 5, 12, 13, 14, 16, 19, 20
11: 2, 3, 4, 6, 9, 16, 17, 18
12: 1, 3, 5, 7, 8, 10, 14
13: 3, 5, 6, 7, 8, 9, 10, 17, 18
14: 2, 4, 5, 6, 7, 8, 9, 10, 12, 15, 16, 17, 19
15: 1, 2, 3, 4, 8, 9, 14, 17, 20
16: 5, 6, 8, 10, 11, 14, 17, 20
17: 2, 4, 8, 11, 13, 14, 15, 16, 19
18: 1, 4, 11, 13, 19, 20
19: 1, 2, 3, 6, 7, 10, 14, 17, 18, 20
20: 1, 2, 6, 7, 9, 10, 15, 16, 18, 19
