20
1: 4, 5, 6, 9, 10, 12, 15, 16, 18, 19
2: 4, 5, 7, 8, 12, 13, 14, 20
3: 5, 6, 7, 8, 11, 14, 17
4: 1, 2, 7, 8, 9, 14, 16, 17, 20
5: 1, 2, 3, 6, 7, 9, 10, 11, 13, 14, 16, 20
6: 1, 3, 5, 7, 9, 10, 11, 12, 13, 14, 19, 20
7: 2, 3, 4, 5, 6, 9, 11, 17, 18, 19
8: 2, 3, 4, 10, 14, 15, 16, 17, 18, 20
9: 1, 4, 5, 6, 7, 10, 14, 15, 17, 20
10: 1, 5, 6, 8, 9, 11, 19
11: 3, 5, 6, 7, 10, 14, 15, 16, 18, 20
12: 1, 2, 6, 13, 16, 17, 18, 19, 20
13: 2, 5, 6, 12, 15, 16, 17, 19, 20
14: 2, 3, 4, 5, 6, 8, 9, 11, 15, 16, 17, 20
15: 1, 8, 9, 11, 13, 14, 19, 20
16: 1, 4, 5, 8, 11, 12, 13, 14, 19
17: 3, 4, 7, 8, 9, 12, 13, 14, 18, 19
18: 1, 7, 8, 11, 12, 17, 19
19: 1, 6, 7, 10, 12, 13, 15, 16, 17, 18
20: 2, 4, 5, 6, 8, 9, 11, 12, 13, 14, 15
