20
1: 2, 3, 4, 5, 7, 8, 9, 10, 13, 14, 15, 16, 18, 19, 20
2: 1, 3, 4, 5, 6, 9, 11, 12, 16, 18
3: 1, 2, 4, 6, 8, 9, 11, 12, 15, 18
4: 1, 2, 3, 11, 12, 15, 16, 17, 18, 19, 20
5: 1, 2, 7, 8, 9, 10, 11
6: 2, 3, 8, 10, 14, 15, 16, 20
7: 1, 5, 8, 10, 12, 17, 20
8: 1, 3, 5, 6, 7, 13, 14, 15, 16, 17, 18, 19, 20
9: 1, 2, 3, 5, 11, 13, 14, 15, 16, 17, 19, 20
10: 1, 5, 6, 7, 13, 14, 20
11: 2, 3, 4, 5, 9, 14, 18
12: 2, 3, 4, 7, 14, 16, 18, 20
13: 1, 8, 9, 10, 15, 19, 20
14: 1, 6, 8, 9, 10, 11, 12, 15, 16, 18, 20
15: 1, 3, 4, 6, 8, 9, 13, 14, 17, 18, 19
16: 1, 2, 4, 6, 8, 9, 12, 14, 18
17: 4, 7, 8, 9, 15, 20
18: 1, 2, 3, 4, 8, 11, 12, 14, 15, 16, 19
19: 1, 4, 8, 9, 13, 15, 18, 20
20: 1, 4, 6, 7, 8, 9, 10, 12, 13, 14, 17, 19
